+639303937828
+639302761510
+639303552749
+639309392242
+639308671340
+639303915344
+639303017280
+639309995851
+639308544084
+639306480989
+639302498163
+639304322118
+639306109687
+639304869954
+639305809147
+639305578801
+639307523083
+639304624825
+639302866744
+639305976049
+639306721597
+639305670028
+639309351919
+639304493527
+639303893631
+639309432507
+639305927671
+639302663325
+639302496297
+639301597508
+639306018348
+639308899522
+639307742586
+639304422083
+639303960650
+639302781812
+639303717443
+639309592652
+639307138101
+639308476325
+639307015498
+639304486410
+639304164045
+639309533545
+639302290617
+639306484025
+639301851923
+639308068838
+639308832453
+639302374427
+639308229375
+639301192877
+639304099351
+639306712057
+639309982225
+639305475584
+639301864816
+639307254033
+639303635226
+639303485406
+639304873419
+639303571792
+639301436381
+639303374254
+639305484053
+639306767867
+639303688723
+639303433404
+639304358169
+639304928006
+639306931146
+639307230507
+639302908132
+639304309451
+639303577860
+639306368188
+639304495405
+639303566529
+639301202167
+639301429445
+639301453152
+639305886129
+639304317261
+639303757010
+639305268011
+639303169739
+639301672368
+639301649764
+639301710501
+639308319652
+639304434776
+639304705134
+639305655165
+639301832393
+639308094988
+639306721576
+639307523078
+639302967861
+639306946752
+639302536012
